50
1804289383 846930886 1681692777 1714636915 1957747793 424238335 719885386 1649760492 596516649 1189641421 1025202362 1350490027 783368690 1102520059 2044897763 1967513926 1365180540 1540383426 304089172 1303455736 35005211 521595368 294702567 1726956429 336465782 861021530 278722862 233665123 2145174067 468703135 1101513929 1801979802 1315634022 635723058 1369133069 1125898167 1059961393 2089018456 628175011 1656478042 1131176229 1653377373 859484421 1914544919 608413784 756898537 1734575198 1973594324 149798315 2038664370 
2 1
3 1
4 2
5 1
6 2
7 4
8 5
9 3
10 5
11 2
12 5
13 10
14 11
15 6
16 12
17 10
18 11
19 4
20 16
21 18
22 13
23 22
24 23
25 10
26 15
27 6
28 21
29 1
30 27
31 21
32 8
33 25
34 16
35 25
36 19
37 13
38 9
39 34
40 36
41 40
42 14
43 19
44 29
45 9
46 20
47 13
48 5
49 43
50 40
